The homeostatic value for stress in media includes active one
k_2=1.000000e-03, mu_2=0.000000e+00, beta_1=5.000000e-01, zeta_c=1.000000e+00, K_act=1.000000e-01
Kg_mu=1.000000e+00, Kg=3.000000e+00, km2=1.733333e+01, Kg_sh=5.200000e+01
Homeostatics stress = 1.200000e+05
Gch=1.070000e+00, Gmh=1.250000e+00, Gez=2.190000e+00, Get=1.640000e+00
L0=6.500000e-01, Lm=1.485000e+00, ro_h=3.282000e-04, r_h=3.176125e-04, h_h=2.117500e-05
ce=6.578900e+02, cc1=3.091600e+03, cc2=1.885000e+01
cm1=1.033400e+02, cm2=1.152600e+01, cm3=7.936000e-01
phi_k0=[1.113700e-01, 3.492700e-02, 4.268500e-01, 4.268500e-01]
P_h=1.361815e+04, S_basal=1.508596e+00, alpha_h=4.756900e+01
